Iteration : 1
	1	2	3	4
	8	7	6	5
	9	10	11	0
	15	14	13	12
Iteration : 2
	1	2	3	4
	8	7	6	0
	9	10	11	5
	15	14	13	12
Iteration : 3
	1	2	3	0
	8	7	6	4
	9	10	11	5
	15	14	13	12
Iteration : 4
	1	2	3	4
	8	7	6	0
	9	10	11	5
	15	14	13	12
Iteration : 5
	1	2	3	4
	8	7	6	5
	9	10	11	0
	15	14	13	12
Iteration : 6
	1	2	3	4
	8	7	6	5
	9	10	11	12
	15	14	13	0
Iteration : 7
	1	2	3	4
	8	7	6	5
	9	10	11	12
	15	14	0	13
Iteration : 8
	1	2	3	4
	8	7	6	5
	9	10	11	12
	15	14	13	0
Iteration : 9
	1	2	3	4
	8	7	6	5
	9	10	11	12
	15	14	0	13
Iteration : 10
	1	2	3	4
	8	7	6	5
	9	10	11	12
	15	0	14	13
Iteration : 11
	1	2	3	4
	8	7	6	5
	9	10	11	12
	15	14	0	13
Iteration : 12
	1	2	3	4
	8	7	6	5
	9	10	11	12
	15	0	14	13
Iteration : 13
	1	2	3	4
	8	7	6	5
	9	0	11	12
	15	10	14	13
Iteration : 14
	1	2	3	4
	8	7	6	5
	9	11	0	12
	15	10	14	13
Iteration : 15
	1	2	3	4
	8	7	6	5
	9	0	11	12
	15	10	14	13
Iteration : 16
	1	2	3	4
	8	7	6	5
	9	10	11	12
	15	0	14	13
Iteration : 17
	1	2	3	4
	8	7	6	5
	9	10	11	12
	0	15	14	13
Iteration : 17
Congrats You Win!!

Iteration : 1
	1	2	3	4
	8	7	6	5
	9	10	11	0
	15	14	13	12
Iteration : 2
	1	2	3	4
	8	7	6	5
	9	10	11	12
	15	14	13	0
Iteration : 3
	1	2	3	4
	8	7	6	5
	9	10	11	0
	15	14	13	12
Iteration : 4
	1	2	3	4
	8	7	6	5
	9	10	0	11
	15	14	13	12
Iteration : 5
	1	2	3	4
	8	7	0	5
	9	10	6	11
	15	14	13	12
Iteration : 6
	1	2	3	4
	8	0	7	5
	9	10	6	11
	15	14	13	12
Iteration : 7
	1	0	3	4
	8	2	7	5
	9	10	6	11
	15	14	13	12
Iteration : 8
	0	1	3	4
	8	2	7	5
	9	10	6	11
	15	14	13	12
Iteration : 9
	1	0	3	4
	8	2	7	5
	9	10	6	11
	15	14	13	12
Iteration : 10
	1	2	3	4
	8	0	7	5
	9	10	6	11
	15	14	13	12
Iteration : 11
	1	2	3	4
	0	8	7	5
	9	10	6	11
	15	14	13	12
